+	北京		吃	视频	故宫	/	拍	笑	秒	分享
北京	0	0	332	346	268	87	341	200	276	249
	0	0	0	0	0	0	0	0	0	0
吃	332	0	0	9	19	5	17	27	8	2
视频	346	0	9	0	12	12	281	13	279	48
故宫	268	0	19	12	0	4	18	15	9	8
/	87	0	5	12	4	0	12	3	10	2
拍	341	0	17	281	18	12	0	13	279	34
笑	200	0	27	13	15	3	13	0	10	1
秒	276	0	8	279	9	10	279	10	0	32
分享	249	0	2	48	8	2	34	1	32	0
